.Random.seed <-
c(403L, 1L, 1374311630L, -1647525319L, 232608843L, -262228486L, 
-1855016708L, 1110598975L, -1401677291L, 1468461356L, 1891787266L, 
-1394790179L, 1230521303L, 1614741182L, -1366521608L, 398571227L, 
1779076409L, 1849202824L, -280420298L, -1962797967L, 1493982883L, 
1352274930L, 1752917828L, -122378233L, -1394194979L, 293323476L, 
-260928006L, 1610096965L, 1013720479L, 1807111974L, 1767520176L, 
496030803L, 297619313L, 1849820832L, -1783518658L, 1561526601L, 
200196091L, -296492086L, 1536294188L, -1979412177L, 2040709093L, 
-1385292132L, -2116949262L, -311391379L, -1284639577L, 912617166L, 
-1618770904L, -1942202325L, -402253239L, -1997687976L, -1532150266L, 
2112063457L, -1678322317L, -1499742750L, 1611624788L, -382336937L, 
1348422733L, 1232158692L, -1299870262L, -520629195L, -797035889L, 
462941078L, -977144000L, -589309437L, -659587039L, 1505749776L, 
680003822L, 1420634265L, -1909629653L, -1974725606L, 511411932L, 
633237215L, 955844789L, 1817001548L, 241672866L, 543140349L, 
1905058551L, -1965095906L, 1940590296L, -2024754629L, 219320281L, 
-2082613912L, -1663556458L, 1117086225L, 1167137731L, 179390418L, 
-1746734492L, -1891987033L, 728755965L, -1896211724L, -867062310L, 
-2002034395L, -2014185409L, -94406714L, 1411238992L, -2130009997L, 
-557960047L, -346520384L, -17250658L, 1110555241L, -660718949L, 
1861138346L, -105651252L, -60621169L, -5300539L, -1109174660L, 
-1012090158L, -621130163L, 712499975L, 1092912878L, 1770267592L, 
679384267L, -1640739543L, 269843832L, 258867878L, 566863041L, 
-826837677L, 2106290690L, 1431104308L, -1499854665L, -292990803L, 
1637486020L, 848100842L, 1535550037L, -635925521L, -602543114L, 
1173912864L, 36311779L, 1868694401L, -1898474000L, -1136186226L, 
-551463943L, 2120905099L, -933483078L, 572961980L, -729405441L, 
1528825173L, -1015015828L, -1277107518L, -559373027L, 1219025815L, 
-1049964802L, -1743803208L, -1898529125L, 1040575737L, 1525042760L, 
-1823069834L, -700854095L, -1752087325L, 619254706L, -2120356860L, 
1409609543L, -116890083L, -2014102380L, 1453009978L, -1075493243L, 
-215304353L, 956995558L, -1524409744L, 1007037843L, -904897999L, 
-1631414048L, -232672898L, 270677001L, -240847813L, -491496950L, 
1980719596L, -1562528145L, 1770437029L, 1594999132L, 1287986482L, 
1640203309L, 1043593959L, 842362894L, -876396056L, -1906375701L, 
-340665207L, -1417115624L, 485504838L, -1318918751L, 1662483507L, 
-1426976350L, 776242324L, -991186153L, 1090321677L, 1922104356L, 
768674826L, -2051378827L, -1590130481L, -117986346L, -343825536L, 
-1239763005L, 725066081L, -744937520L, 2092052270L, -119385383L, 
-206851861L, -1405165222L, -1253209316L, 1207893535L, 2046019189L, 
579269388L, -1477366046L, 1172898749L, -1055673289L, -2080827682L, 
628220440L, -684364421L, 437069081L, 553757096L, 1455693142L, 
-448602671L, -637479549L, -1551463406L, -1139071068L, 489840487L, 
1649417405L, 1128873012L, -608268390L, -991966235L, -1674705025L, 
1554822918L, 1739227280L, -1575036621L, 1067593425L, 1687444608L, 
-549532322L, -5504343L, -3846821L, 1418148940L, 195639548L, 2092923890L, 
512989440L, -549469836L, -793181176L, -1873510470L, -29093424L, 
1492458476L, 173947284L, 1035895250L, -1348546208L, -1164480692L, 
-501634784L, 1093605250L, -410824984L, -840326932L, 1944511548L, 
1929771890L, -2056993168L, 1638468644L, 435143480L, -1781023590L, 
-2021176624L, -1776115524L, -348758380L, 1940532866L, -1980057408L, 
613784380L, -2096878448L, 1582759458L, -564428792L, -323648244L, 
-907352932L, 192126482L, 758034304L, 829793812L, 1606074920L, 
1652313402L, 1658479056L, -629023636L, 484964660L, -734269806L, 
-1777241248L, -728456372L, 1624930272L, -2059667550L, 477263784L, 
-470758004L, -1144049476L, -800525966L, 210038000L, 1651224644L, 
2041764184L, 553623098L, -1114236048L, -1255630788L, 2085713684L, 
-417964606L, -653634848L, -1262604420L, 1010851536L, -412462942L, 
-1388919768L, 224085260L, -559001668L, -62688974L, 1976250816L, 
1592433204L, -1826278456L, 1923616954L, -1937929840L, 1062988268L, 
-1321313708L, 698509458L, 392644384L, 39596492L, 1310557664L, 
463361730L, 339631144L, -2127455572L, -896691012L, 1100980722L, 
-355901136L, -622584668L, 559861432L, 826715482L, 1490226576L, 
-144508036L, 1267400980L, -1849158846L, 193211136L, 886511548L, 
864749392L, -1270697182L, 1956640072L, -1132592628L, -113125284L, 
-922782510L, -355966464L, -1485810348L, 754754024L, -127022086L, 
1442582736L, -41218772L, 30851828L, 1611395474L, -590527392L, 
606866700L, -1717091616L, -1494609566L, -1206420824L, 142729804L, 
-1834096260L, -1322246862L, -861978512L, 1097342788L, 165926360L, 
-1482810246L, -67842512L, 1384256188L, -537061548L, -1470172094L, 
1400921504L, 509921980L, -766553648L, 2033833314L, 1065926632L, 
-410140724L, 1541252860L, 1416165874L, 1547366528L, 1758371060L, 
1672838792L, 1637887802L, 531643216L, -539058580L, 279754900L, 
266496338L, 1288197856L, -1055237428L, 1028665504L, 905681794L, 
-37809432L, -297110804L, 1959218236L, -1490720142L, -1462369168L, 
-105431516L, -199640008L, -1883338726L, 1449294544L, 1039191100L, 
2032485524L, -1531929470L, -2037481536L, -222154436L, -1739629936L, 
-1497373662L, 1958675464L, -429193076L, -871320548L, -445043054L, 
802636928L, 1986334740L, 355196200L, 1196666426L, -1402172208L, 
2003403884L, -1634360652L, 1670746130L, -140847136L, -1896884276L, 
1764736480L, -972491230L, 496820520L, 401283340L, 470648380L, 
859205874L, 1462018800L, 1639973700L, 1916097112L, 1118362170L, 
-520061200L, 1168581820L, 332862996L, -1183287102L, 163772512L, 
-1442491012L, 1217744L, 1442028578L, 1024844456L, 1476466572L, 
1475113404L, -539691982L, 678721344L, -973399884L, -978482360L, 
788421306L, -1205709040L, -445701908L, -239844268L, -477589742L, 
159751072L, 1571418060L, 95882080L, 2077708482L, -775002584L, 
56378796L, 473407292L, -967125134L, 1940237104L, -1702546908L, 
-1928046536L, 1399514330L, -1183012464L, -471382276L, 626069396L, 
-1872180414L, -51797504L, 1574558268L, 2142256720L, 2093447842L, 
-1937925304L, -2071018996L, 1253170396L, -306738606L, -1400743002L, 
143766948L, -445027243L, 367403263L, 662803864L, -41427274L, 
242360131L, -1888406907L, -61851870L, 458908688L, -764106823L, 
-38762389L, 556925788L, -1272548726L, -221041025L, -1100455991L, 
1457353822L, 201694988L, -1684644131L, -338450457L, -1564120048L, 
1269629230L, 1236895195L, -1775203651L, 176009258L, -1313945400L, 
-930247183L, -1633305757L, -260760732L, -555150702L, -2038657177L, 
-266346191L, 324504182L, -592004204L, -123162715L, 1735901359L, 
-351306392L, 1644182854L, -1773019917L, 1213874773L, 1852202546L, 
1014660096L, 1848119529L, -1735284901L, 834134444L, 2087174586L, 
1085595503L, 252854521L, 617878926L, -401635236L, 1524050637L, 
1083280951L, -561498944L, 2062535582L, -2018166677L, -251013139L, 
702020186L, 1404165400L, 1468541569L, -1535698893L, 1229078100L, 
441883234L, 1384672503L, -1061759167L, -1750657594L, -467646716L, 
128815797L, 231706015L, -765951496L, -551858218L, -1647031709L, 
-1175080411L, -494511678L, -1045307728L, -1053153575L, 1543151691L, 
-574013764L, 10513642L, -647628513L, 226175401L, 1630441278L, 
-1708369364L, -1895257987L, -362177849L, 708895664L, 1334474190L, 
-1592064261L, 2144992605L, 748713610L, 1975293096L, 840552465L, 
352846083L, -1816302588L, 928228402L, 1751305351L, 925771985L, 
2118027862L, -981970380L, 1635047749L, -200555633L, 219367176L, 
705294630L, 960451027L, 1789229877L, 1417198226L, 1041276512L, 
-1206065207L, -1264789765L, -42207028L, -28626598L, 303152207L, 
-97406695L, -1399633106L, -933276356L, 202855085L, -449221289L, 
-1343976288L, 70674942L, 1414345931L, -1426988339L, -1696563718L, 
-1602990536L, 1118131169L, 450362515L, -924657996L, -1299084350L, 
-576131113L, 1441595425L, 545638374L, 1108820708L, -1807378923L, 
1926819391L, -1800962600L, 297665526L, -1632076797L, 1699712837L, 
673934178L, 327333072L, -131489799L, 1873773355L, 1843292316L, 
1151690442L, -1716469825L, -684774647L, 1426916382L, 2044251596L, 
